(Pdb++) same_pairs
array([[ 0,  2],
       [ 1,  3],	slave
       [ 4,  6],
       [ 5,  7],	slave
       [ 8, 12],
       [ 9, 13],
       [10, 14],
       [11, 15],
       [16, 20],
       [17, 21],
       [18, 22],
       [19, 23],
       [24, 32],	slave
       [25, 33],	slave
       [26, 34],	slave
       [27, 35],	slave
       [28, 36],
       [29, 37],
       [30, 38],
       [31, 39],
       [40, 56],
       [41, 57],
       [42, 58],
       [43, 59],
       [44, 60],
       [45, 61],
       [46, 62],
       [47, 63],
       [48, 64],
       [49, 65],
       [50, 66],
       [51, 67],
       [52, 68],
       [53, 69],
       [54, 70],
       [55, 71]])
(Pdb++) 


